4
297949
0
0
erase 32,132105,163328,282040,294400,328194,359936,360962,392704,393730,425472,426498,458240,459266,491008,492034,523776,524802,556544,557570,589312,590338,622080,623106,654848,655874,687616,688642,720384,721410,753152,754178,786432
new 2,0,1024
new 2,1024,2048
new 2,2048,3072
new 2,3072,4096
new 2,4096,5120
new 2,5120,6144
new 2,6144,7168
new 2,7168,8192
new 2,8192,9216
new 2,9216,10240
new 2,10240,11264
new 2,11264,12288
new 2,12288,13312
new 2,13312,14336
new 2,14336,15360
new 2,15360,16384
new 2,16384,17408
new 2,17408,18432
new 2,18432,19456
new 2,19456,20480
new 2,20480,21504
new 2,21504,22528
new 2,22528,23552
new 2,23552,24576
new 2,24576,25600
new 2,25600,26624
new 2,26624,27648
new 2,27648,28672
new 2,28672,29696
new 2,29696,30720
new 2,30720,31744
new 4,31744,32767,32768,32769
new 6,32769,32770,32961,32963,33475,34496
new 2,34496,35520
new 2,35520,36544
new 2,36544,37568
new 2,37568,38592
new 2,38592,39616
new 2,39616,40640
new 2,40640,41664
new 2,41664,42688
new 2,42688,43712
new 2,43712,44736
new 2,44736,45760
new 2,45760,46784
new 2,46784,47808
new 2,47808,48832
new 2,48832,49856
new 2,49856,50880
new 2,50880,51904
new 2,51904,52928
new 2,52928,53952
new 2,53952,54976
new 2,54976,56000
new 2,56000,57024
new 2,57024,58048
new 2,58048,59072
new 2,59072,60096
new 2,60096,61120
new 2,61120,62144
new 2,62144,63168
new 2,63168,64192
new 2,64192,65216
new 6,65216,65534,65536,65538,66050,66754
new 2,66754,67778
new 2,67778,68802
new 2,68802,69826
new 2,69826,70850
new 2,70850,71874
new 2,71874,72898
new 2,72898,73922
new 2,73922,74946
new 2,74946,75970
new 2,75970,76994
new 2,76994,78018
new 2,78018,79042
new 2,79042,80066
new 2,80066,81090
new 2,81090,82114
new 2,82114,83138
new 2,83138,84162
new 2,84162,85186
new 2,85186,86210
new 2,86210,87234
new 2,87234,88258
new 2,88258,89282
new 2,89282,90306
new 2,90306,91330
new 2,91330,92354
new 2,92354,93378
new 2,93378,94402
new 2,94402,95426
new 2,95426,96450
new 2,96450,97474
new 8,97474,98303,98304,98306,98497,98499,99011,99202
new 2,99202,100226
new 2,100226,101250
new 2,101250,102274
new 2,102274,103298
new 2,103298,104322
new 2,104322,105346
new 2,105346,106370
new 2,106370,107394
new 2,107394,108418
new 2,108418,109442
new 2,109442,110466
new 2,110466,111490
new 2,111490,112514
new 2,112514,113538
new 2,113538,114562
new 2,114562,115586
new 2,115586,116610
new 2,116610,117634
new 2,117634,118658
new 2,118658,119682
new 2,119682,120706
new 2,120706,121730
new 2,121730,122754
new 2,122754,123778
new 2,123778,124802
new 2,124802,125826
new 2,125826,126850
new 2,126850,127874
new 2,127874,128898
new 2,128898,129922
new 2,129922,130946
new 12,130946,131070,131072,131074,131586,131593,163840,163842,164033,164035,164547,165434
new 2,165434,166458
new 2,166458,167482
new 2,167482,168506
new 2,168506,169530
new 2,169530,170554
new 2,170554,171578
new 2,171578,172602
new 2,172602,173626
new 2,173626,174650
new 2,174650,175674
new 2,175674,176698
new 2,176698,177722
new 2,177722,178746
new 2,178746,179770
new 2,179770,180794
new 2,180794,181818
new 2,181818,182842
new 2,182842,183866
new 2,183866,184890
new 2,184890,185914
new 2,185914,186938
new 2,186938,187962
new 2,187962,188986
new 2,188986,190010
new 2,190010,191034
new 2,191034,192058
new 2,192058,193082
new 2,193082,194106
new 2,194106,195130
new 2,195130,196154
new 6,196154,196606,196608,196610,197122,197692
new 2,197692,198716
new 2,198716,199740
new 2,199740,200764
new 2,200764,201788
new 2,201788,202812
new 2,202812,203836
new 2,203836,204860
new 2,204860,205884
new 2,205884,206908
new 2,206908,207932
new 2,207932,208956
new 2,208956,209980
new 2,209980,211004
new 2,211004,212028
new 2,212028,213052
new 2,213052,214076
new 2,214076,215100
new 2,215100,216124
new 2,216124,217148
new 2,217148,218172
new 2,218172,219196
new 2,219196,220220
new 2,220220,221244
new 2,221244,222268
new 2,222268,223292
new 2,223292,224316
new 2,224316,225340
new 2,225340,226364
new 2,226364,227388
new 2,227388,228412
new 8,228412,229374,229376,229378,229569,229571,230083,230141
new 2,230141,231165
new 2,231165,232189
new 2,232189,233213
new 2,233213,234237
new 2,234237,235261
new 2,235261,236285
new 2,236285,237309
new 2,237309,238333
new 2,238333,239357
new 2,239357,240381
new 2,240381,241405
new 2,241405,242429
new 2,242429,243453
new 2,243453,244477
new 2,244477,245501
new 2,245501,246525
new 2,246525,247549
new 2,247549,248573
new 2,248573,249597
new 2,249597,250621
new 2,250621,251645
new 2,251645,252669
new 2,252669,253693
new 2,253693,254717
new 2,254717,255741
new 2,255741,256765
new 2,256765,257789
new 2,257789,258813
new 2,258813,259837
new 2,259837,260861
new 2,260861,261885
new 6,261885,262142,262144,262146,262658,263423
new 2,263423,264447
new 2,264447,265471
new 2,265471,266495
new 2,266495,267519
new 2,267519,268543
new 2,268543,269567
new 2,269567,270591
new 2,270591,271615
new 2,271615,272639
new 2,272639,273663
new 2,273663,274687
new 2,274687,275711
new 2,275711,276735
new 2,276735,277759
new 2,277759,278783
new 2,278783,279807
new 2,279807,280831
new 8,280831,281528,294912,294914,295105,295107,295619,295942
new 2,295942,296966
new 2,296966,297990
new 2,297990,299014
new 2,299014,300038
new 2,300038,301062
new 2,301062,302086
new 2,302086,303110
new 2,303110,304134
new 2,304134,305158
new 2,305158,306182
new 2,306182,307206
new 2,307206,308230
new 2,308230,309254
new 2,309254,310278
new 2,310278,311302
new 2,311302,312326
new 2,312326,313350
new 2,313350,314374
new 2,314374,315398
new 2,315398,316422
new 2,316422,317446
new 2,317446,318470
new 2,318470,319494
new 2,319494,320518
new 2,320518,321542
new 2,321542,322566
new 2,322566,323590
new 2,323590,324614
new 2,324614,325638
new 2,325638,326662
new 10,326662,327678,327680,327682,360448,360450,393216,393218,425984,425986
new 20,458752,458754,491520,491522,524288,524290,557056,557058,589824,589826,622592,622594,655360,655362,688128,688130,720896,720898,753664,753666
zero 10,32767,32768,32770,32961,32963,33475,65534,65536,65538,65856
zero 12,65856,66050,98303,98304,98306,98497,98499,99011,131070,131072,131074,131198
zero 6,131198,131586,131593,132105,163328,163452
zero 6,163452,163840,163842,164033,164035,164480
zero 12,164480,164547,196606,196608,196610,197122,229374,229376,229378,229569,229571,229821
zero 8,229821,230083,262142,262144,262146,262658,281528,281776
zero 8,281776,282040,294400,294912,294914,295105,295107,295164
zero 8,295164,295619,327678,327680,327682,328194,359936,359991
zero 6,359991,360448,360450,360962,392704,392759
zero 6,392759,393216,393218,393730,425472,425527
zero 6,425527,425984,425986,426498,458240,458295
zero 6,458295,458752,458754,459266,491008,491063
zero 6,491063,491520,491522,492034,523776,523831
zero 6,523831,524288,524290,524802,556544,556599
zero 6,556599,557056,557058,557570,589312,589367
zero 6,589367,589824,589826,590338,622080,622135
zero 6,622135,622592,622594,623106,654848,654903
zero 6,654903,655360,655362,655874,687616,687671
zero 6,687671,688128,688130,688642,720384,720439
zero 6,720439,720896,720898,721410,753152,753207
zero 4,753207,753664,753666,754178
