4
83357
0
0
erase 10,33339,65024,66050,97792,127779,130560,131586,163328,164411,196096
new 2,0,1024
new 2,1024,2048
new 2,2048,3072
new 2,3072,4096
new 2,4096,5120
new 2,5120,6144
new 2,6144,7168
new 2,7168,8192
new 2,8192,9216
new 2,9216,10240
new 2,10240,11264
new 2,11264,12288
new 2,12288,13312
new 2,13312,14336
new 2,14336,15360
new 2,15360,16384
new 2,16384,17408
new 2,17408,18432
new 2,18432,19456
new 2,19456,20480
new 2,20480,21504
new 2,21504,22528
new 2,22528,23552
new 2,23552,24576
new 2,24576,25600
new 2,25600,26624
new 2,26624,27648
new 2,27648,28672
new 2,28672,29696
new 2,29696,30720
new 2,30720,31744
new 4,31744,32766,32768,32770
new 10,32825,32827,65536,65538,98304,98306,98361,98363,98839,99855
new 2,99855,100879
new 2,100879,101903
new 2,101903,102927
new 2,102927,103951
new 2,103951,104975
new 2,104975,105999
new 2,105999,107023
new 2,107023,108047
new 2,108047,109071
new 2,109071,110095
new 2,110095,111119
new 2,111119,112143
new 2,112143,113167
new 2,113167,114191
new 2,114191,115215
new 2,115215,116239
new 2,116239,117263
new 2,117263,118287
new 2,118287,119311
new 2,119311,120335
new 2,120335,121359
new 2,121359,122383
new 2,122383,123407
new 2,123407,124431
new 2,124431,125455
new 2,125455,126479
new 12,126479,127267,131072,131074,163840,163842,163897,163899,196608,196610,197086,197314
new 2,197314,198338
new 2,198338,199362
new 2,199362,200386
new 2,200386,201410
new 2,201410,202434
new 2,202434,203458
new 2,203458,204482
new 2,204482,205506
new 2,205506,206530
new 2,206530,207554
new 2,207554,208578
new 2,208578,209602
new 2,209602,210626
new 2,210626,211650
new 2,211650,212674
new 2,212674,212991
zero 8,32766,32768,32770,32825,32827,33339,65024,65479
zero 6,65479,65536,65538,66050,97792,98247
zero 8,98247,98304,98306,98361,98363,98839,127267,127703
zero 6,127703,127779,130560,131072,131074,131510
zero 8,131510,131586,163328,163840,163842,163897,163899,164280
zero 6,164280,164411,196096,196608,196610,196991
zero 4,196991,197086,212991,212992
